0 0 0 -3 -3 -3 
1 0 0 0 -3 -3 
2 0 0 3 -3 -3 
3 0 0 6 -3 -3 
4 0 0 9 -3 -3 
5 0 0 12 -3 -3 
6 0 0 15 -3 -3 
7 0 0 18 -3 -3 
8 0 0 21 -3 -3 
9 0 0 24 -3 -3 
10 0 0 27 -3 -3 
11 0 0 30 -3 -3 
12 0 0 33 -3 -3 
0 1 0 -3 0 -3 
1 1 0 0 0 -3 
2 1 0 3 0 -3 
3 1 0 6 0 -3 
4 1 0 9 0 -3 
5 1 0 12 0 -3 
6 1 0 15 0 -3 
7 1 0 18 0 -3 
8 1 0 21 0 -3 
9 1 0 24 0 -3 
10 1 0 27 0 -3 
11 1 0 30 0 -3 
12 1 0 33 0 -3 
0 2 0 -3 3 -3 
1 2 0 0 3 -3 
2 2 0 3 3 -3 
3 2 0 6 3 -3 
4 2 0 9 3 -3 
5 2 0 12 3 -3 
6 2 0 15 3 -3 
7 2 0 18 3 -3 
8 2 0 21 3 -3 
9 2 0 24 3 -3 
10 2 0 27 3 -3 
11 2 0 30 3 -3 
12 2 0 33 3 -3 
0 3 0 -3 6 -3 
1 3 0 0 6 -3 
2 3 0 3 6 -3 
3 3 0 6 6 -3 
4 3 0 9 6 -3 
5 3 0 12 6 -3 
6 3 0 15 6 -3 
7 3 0 18 6 -3 
8 3 0 21 6 -3 
9 3 0 24 6 -3 
10 3 0 27 6 -3 
11 3 0 30 6 -3 
12 3 0 33 6 -3 
0 4 0 -3 9 -3 
1 4 0 0 9 -3 
2 4 0 3 9 -3 
3 4 0 6 9 -3 
4 4 0 9 9 -3 
5 4 0 12 9 -3 
6 4 0 15 9 -3 
7 4 0 18 9 -3 
8 4 0 21 9 -3 
9 4 0 24 9 -3 
10 4 0 27 9 -3 
11 4 0 30 9 -3 
12 4 0 33 9 -3 
0 5 0 -3 12 -3 
1 5 0 0 12 -3 
2 5 0 3 12 -3 
3 5 0 6 12 -3 
4 5 0 9 12 -3 
5 5 0 12 12 -3 
6 5 0 15 12 -3 
7 5 0 18 12 -3 
8 5 0 21 12 -3 
9 5 0 24 12 -3 
10 5 0 27 12 -3 
11 5 0 30 12 -3 
12 5 0 33 12 -3 
0 6 0 -3 15 -3 
1 6 0 0 15 -3 
2 6 0 3 15 -3 
3 6 0 6 15 -3 
4 6 0 9 15 -3 
5 6 0 12 15 -3 
6 6 0 15 15 -3 
7 6 0 18 15 -3 
8 6 0 21 15 -3 
9 6 0 24 15 -3 
10 6 0 27 15 -3 
11 6 0 30 15 -3 
12 6 0 33 15 -3 
0 7 0 -3 18 -3 
1 7 0 0 18 -3 
2 7 0 3 18 -3 
3 7 0 6 18 -3 
4 7 0 9 18 -3 
5 7 0 12 18 -3 
6 7 0 15 18 -3 
7 7 0 18 18 -3 
8 7 0 21 18 -3 
9 7 0 24 18 -3 
10 7 0 27 18 -3 
11 7 0 30 18 -3 
12 7 0 33 18 -3 
0 8 0 -3 21 -3 
1 8 0 0 21 -3 
2 8 0 3 21 -3 
3 8 0 6 21 -3 
4 8 0 9 21 -3 
5 8 0 12 21 -3 
6 8 0 15 21 -3 
7 8 0 18 21 -3 
8 8 0 21 21 -3 
9 8 0 24 21 -3 
10 8 0 27 21 -3 
11 8 0 30 21 -3 
12 8 0 33 21 -3 
0 9 0 -3 24 -3 
1 9 0 0 24 -3 
2 9 0 3 24 -3 
3 9 0 6 24 -3 
4 9 0 9 24 -3 
5 9 0 12 24 -3 
6 9 0 15 24 -3 
7 9 0 18 24 -3 
8 9 0 21 24 -3 
9 9 0 24 24 -3 
10 9 0 27 24 -3 
11 9 0 30 24 -3 
12 9 0 33 24 -3 
0 10 0 -3 27 -3 
1 10 0 0 27 -3 
2 10 0 3 27 -3 
3 10 0 6 27 -3 
4 10 0 9 27 -3 
5 10 0 12 27 -3 
6 10 0 15 27 -3 
7 10 0 18 27 -3 
8 10 0 21 27 -3 
9 10 0 24 27 -3 
10 10 0 27 27 -3 
11 10 0 30 27 -3 
12 10 0 33 27 -3 
0 11 0 -3 30 -3 
1 11 0 0 30 -3 
2 11 0 3 30 -3 
3 11 0 6 30 -3 
4 11 0 9 30 -3 
5 11 0 12 30 -3 
6 11 0 15 30 -3 
7 11 0 18 30 -3 
8 11 0 21 30 -3 
9 11 0 24 30 -3 
10 11 0 27 30 -3 
11 11 0 30 30 -3 
12 11 0 33 30 -3 
0 12 0 -3 33 -3 
1 12 0 0 33 -3 
2 12 0 3 33 -3 
3 12 0 6 33 -3 
4 12 0 9 33 -3 
5 12 0 12 33 -3 
6 12 0 15 33 -3 
7 12 0 18 33 -3 
8 12 0 21 33 -3 
9 12 0 24 33 -3 
10 12 0 27 33 -3 
11 12 0 30 33 -3 
12 12 0 33 33 -3 
0 0 1 -3 -3 0 
1 0 1 0 -3 0 
2 0 1 3 -3 0 
3 0 1 6 -3 0 
4 0 1 9 -3 0 
5 0 1 12 -3 0 
6 0 1 15 -3 0 
7 0 1 18 -3 0 
8 0 1 21 -3 0 
9 0 1 24 -3 0 
10 0 1 27 -3 0 
11 0 1 30 -3 0 
12 0 1 33 -3 0 
0 1 1 -3 0 0 
1 1 1 -7.29888e-09 -7.29888e-09 -7.29888e-09 
2 1 1 3 -2.98486e-06 -2.98486e-06 
3 1 1 6 -1.8326e-05 -1.8326e-05 
4 1 1 9 -4.47791e-05 -4.47791e-05 
5 1 1 12 -7.81462e-05 -7.81462e-05 
6 1 1 15 -8.75827e-05 -8.75827e-05 
7 1 1 18 -6.49612e-05 -6.49612e-05 
8 1 1 21 -3.68553e-05 -3.68553e-05 
9 1 1 24 -1.63926e-05 -1.63926e-05 
10 1 1 27 -2.25116e-06 -2.25116e-06 
11 1 1 30 -4.43585e-09 -4.43585e-09 
12 1 1 33 0 0 
0 2 1 -3 3 0 
1 2 1 -2.98486e-06 3 -2.98486e-06 
2 2 1 2.99996 2.99996 -0.00110056 
3 2 1 6 2.99974 -0.00575783 
4 2 1 9.00001 2.99924 -0.00989508 
5 2 1 12 2.99852 -0.0136957 
6 2 1 15 2.99834 -0.0148441 
7 2 1 18 2.99885 -0.0137933 
8 2 1 21 2.99942 -0.0113588 
9 2 1 24 2.99978 -0.00637351 
10 2 1 27 2.99998 -0.000962546 
11 2 1 30 3 -1.99703e-06 
12 2 1 33 3 0 
0 3 1 -3 6 0 
1 3 1 -1.8326e-05 6 -1.8326e-05 
2 3 1 2.99974 6 -0.00575783 
3 3 1 5.99999 5.99999 -0.035526 
4 3 1 9.00004 5.99966 -0.0663188 
5 3 1 12 5.99902 -0.0845655 
6 3 1 15 5.99889 -0.0940883 
7 3 1 18 5.99937 -0.097131 
8 3 1 21 5.99985 -0.0820601 
9 3 1 24 6.00003 -0.0453455 
10 3 1 27.0002 6.00002 -0.00677886 
11 3 1 30 6 -1.39905e-05 
12 3 1 33 6 0 
0 4 1 -3 9 0 
1 4 1 -4.47791e-05 9 -4.47791e-05 
2 4 1 2.99924 9.00001 -0.00989508 
3 4 1 5.99966 9.00004 -0.0663188 
4 4 1 9.00006 9.00006 -0.113577 
5 4 1 12 9.00004 -0.134746 
6 4 1 15 9.00003 -0.152729 
7 4 1 18 9.00007 -0.177816 
8 4 1 20.9999 9.00007 -0.16494 
9 4 1 23.9997 9.00005 -0.0892903 
10 4 1 27.0001 9.00001 -0.0130953 
11 4 1 30 9 -2.84334e-05 
12 4 1 33 9 0 
0 5 1 -3 12 0 
1 5 1 -7.81462e-05 12 -7.81462e-05 
2 5 1 2.99852 12 -0.0136957 
3 5 1 5.99902 12 -0.0845655 
4 5 1 9.00004 12 -0.134746 
5 5 1 12 12 -0.173517 
6 5 1 15 11.9999 -0.182964 
7 5 1 18 12 -0.197998 
8 5 1 20.9999 12 -0.193709 
9 5 1 23.9998 12 -0.107991 
10 5 1 27.0002 12 -0.0159437 
11 5 1 30 12 -4.00362e-05 
12 5 1 33 12 0 
0 6 1 -3 15 0 
1 6 1 -8.75827e-05 15 -8.75827e-05 
2 6 1 2.99834 15 -0.0148441 
3 6 1 5.99889 15 -0.0940883 
4 6 1 9.00003 15 -0.152729 
5 6 1 11.9999 15 -0.182964 
6 6 1 15 15 -0.187635 
7 6 1 18 15 -0.193223 
8 6 1 20.9999 15 -0.176226 
9 6 1 23.9998 15 -0.103758 
10 6 1 27.0003 15 -0.0159657 
11 6 1 30 15 -4.44418e-05 
12 6 1 33 15 0 
0 7 1 -3 18 0 
1 7 1 -6.49612e-05 18 -6.49612e-05 
2 7 1 2.99885 18 -0.0137933 
3 7 1 5.99937 18 -0.097131 
4 7 1 9.00007 18 -0.177816 
5 7 1 12 18 -0.197998 
6 7 1 15 18 -0.193223 
7 7 1 18 18 -0.182295 
8 7 1 20.9999 18 -0.154324 
9 7 1 23.9998 18 -0.0943024 
10 7 1 27.0002 18 -0.014855 
11 7 1 30 18 -3.85627e-05 
12 7 1 33 18 0 
0 8 1 -3 21 0 
1 8 1 -3.68553e-05 21 -3.68553e-05 
2 8 1 2.99942 21 -0.0113588 
3 8 1 5.99985 21 -0.0820601 
4 8 1 9.00007 20.9999 -0.16494 
5 8 1 12 20.9999 -0.193709 
6 8 1 15 20.9999 -0.176226 
7 8 1 18 20.9999 -0.154324 
8 8 1 20.9999 20.9999 -0.134449 
9 8 1 23.9998 21 -0.0819075 
10 8 1 27.0001 21 -0.0126427 
11 8 1 30 21 -2.79768e-05 
12 8 1 33 21 0 
0 9 1 -3 24 0 
1 9 1 -1.63926e-05 24 -1.63926e-05 
2 9 1 2.99978 24 -0.00637351 
3 9 1 6.00003 24 -0.0453455 
4 9 1 9.00005 23.9997 -0.0892903 
5 9 1 12 23.9998 -0.107991 
6 9 1 15 23.9998 -0.103758 
7 9 1 18 23.9998 -0.0943024 
8 9 1 21 23.9998 -0.0819075 
9 9 1 24 24 -0.0475143 
10 9 1 27.0002 24 -0.00713599 
11 9 1 30 24 -1.4927e-05 
12 9 1 33 24 0 
0 10 1 -3 27 0 
1 10 1 -2.25116e-06 27 -2.25116e-06 
2 10 1 2.99998 27 -0.000962546 
3 10 1 6.00002 27.0002 -0.00677886 
4 10 1 9.00001 27.0001 -0.0130953 
5 10 1 12 27.0002 -0.0159437 
6 10 1 15 27.0003 -0.0159657 
7 10 1 18 27.0002 -0.014855 
8 10 1 21 27.0001 -0.0126427 
9 10 1 24 27.0002 -0.00713599 
10 10 1 27.0001 27.0001 -0.00106187 
11 10 1 30 27 -2.25398e-06 
12 10 1 33 27 0 
0 11 1 -3 30 0 
1 11 1 -4.43585e-09 30 -4.43585e-09 
2 11 1 3 30 -1.99703e-06 
3 11 1 6 30 -1.39905e-05 
4 11 1 9 30 -2.84334e-05 
5 11 1 12 30 -4.00362e-05 
6 11 1 15 30 -4.44418e-05 
7 11 1 18 30 -3.85627e-05 
8 11 1 21 30 -2.79768e-05 
9 11 1 24 30 -1.4927e-05 
10 11 1 27 30 -2.25398e-06 
11 11 1 30 30 -4.84249e-09 
12 11 1 33 30 0 
0 12 1 -3 33 0 
1 12 1 0 33 0 
2 12 1 3 33 0 
3 12 1 6 33 0 
4 12 1 9 33 0 
5 12 1 12 33 0 
6 12 1 15 33 0 
7 12 1 18 33 0 
8 12 1 21 33 0 
9 12 1 24 33 0 
10 12 1 27 33 0 
11 12 1 30 33 0 
12 12 1 33 33 0 
0 0 2 -3 -3 3 
1 0 2 0 -3 3 
2 0 2 3 -3 3 
3 0 2 6 -3 3 
4 0 2 9 -3 3 
5 0 2 12 -3 3 
6 0 2 15 -3 3 
7 0 2 18 -3 3 
8 0 2 21 -3 3 
9 0 2 24 -3 3 
10 0 2 27 -3 3 
11 0 2 30 -3 3 
12 0 2 33 -3 3 
0 1 2 -3 0 3 
1 1 2 -2.98486e-06 -2.98486e-06 3 
2 1 2 2.99996 -0.00110056 2.99996 
3 1 2 6 -0.00575783 2.99974 
4 1 2 9.00001 -0.00989508 2.99924 
5 1 2 12 -0.0136957 2.99852 
6 1 2 15 -0.0148441 2.99834 
7 1 2 18 -0.0137933 2.99885 
8 1 2 21 -0.0113588 2.99942 
9 1 2 24 -0.00637351 2.99978 
10 1 2 27 -0.000962546 2.99998 
11 1 2 30 -1.99703e-06 3 
12 1 2 33 0 3 
0 2 2 -3 3 3 
1 2 2 -0.00110056 2.99996 2.99996 
2 2 2 2.98742 2.98742 2.98742 
3 2 2 6.00724 2.94682 2.94682 
4 2 2 9.0039 2.90499 2.90499 
5 2 2 12 2.8419 2.8419 
6 2 2 15 2.83351 2.83351 
7 2 2 18 2.85546 2.85546 
8 2 2 20.997 2.87938 2.87938 
9 2 2 24.0008 2.93335 2.93335 
10 2 2 27.0174 2.99143 2.99143 
11 2 2 30.0012 2.99997 2.99997 
12 2 2 33 3 3 
0 3 2 -3 6 3 
1 3 2 -0.00575783 6 2.99974 
2 3 2 2.94682 6.00724 2.94682 
3 3 2 6.0702 6.0702 2.66245 
4 3 2 9.02534 6.11141 2.25513 
5 3 2 12 6.08614 1.99295 
6 3 2 15 6.10577 1.91786 
7 3 2 18 6.12435 1.87944 
8 3 2 20.9781 6.09834 2.0502 
9 3 2 23.9503 6.05782 2.47905 
10 3 2 27.0599 6.01256 2.92732 
11 3 2 30.0057 5.99999 2.99963 
12 3 2 33 6 3 
0 4 2 -3 9 3 
1 4 2 -0.00989508 9.00001 2.99924 
2 4 2 2.90499 9.0039 2.90499 
3 4 2 6.11141 9.02534 2.25513 
4 4 2 9.04171 9.04171 1.71852 
5 4 2 11.9972 9.04002 1.64533 
6 4 2 15.003 9.03859 1.43538 
7 4 2 18.0028 9.05082 1.01013 
8 4 2 20.9613 9.04379 1.00912 
9 4 2 23.8773 9.025 1.91621 
10 4 2 27.0625 9.00436 2.83158 
11 4 2 30.0079 9 2.99835 
12 4 2 33 9 3 
0 5 2 -3 12 3 
1 5 2 -0.0136957 12 2.99852 
2 5 2 2.8419 12 2.8419 
3 5 2 6.08614 12 1.99295 
4 5 2 9.04002 11.9972 1.64533 
5 5 2 11.9564 11.9564 1.25554 
6 5 2 15.0292 11.9184 1.21713 
7 5 2 18.0379 11.983 0.982735 
8 5 2 20.9574 11.9999 0.757047 
9 5 2 23.8972 12 1.72555 
10 5 2 27.1196 12 2.76194 
11 5 2 30.0114 12 2.9959 
12 5 2 33 12 3 
0 6 2 -3 15 3 
1 6 2 -0.0148441 15 2.99834 
2 6 2 2.83351 15 2.83351 
3 6 2 6.10577 15 1.91786 
4 6 2 9.03859 15.003 1.43538 
5 6 2 11.9184 15.0292 1.21713 
6 6 2 15.0532 15.0532 1.37409 
7 6 2 18.0756 15.0259 0.889115 
8 6 2 20.9574 15.0017 0.993056 
9 6 2 23.9116 15 1.87825 
10 6 2 27.1539 15 2.74737 
11 6 2 30.0135 15 2.99445 
12 6 2 33 15 3 
0 7 2 -3 18 3 
1 7 2 -0.0137933 18 2.99885 
2 7 2 2.85546 18 2.85546 
3 7 2 6.12435 18 1.87944 
4 7 2 9.05082 18.0028 1.01013 
5 7 2 11.983 18.0379 0.982735 
6 7 2 15.0259 18.0756 0.889115 
7 7 2 18.0257 18.0257 0.870338 
8 7 2 20.9582 18.0011 1.28731 
9 7 2 23.9058 18 1.98776 
10 7 2 27.1231 18 2.78126 
11 7 2 30.0114 18 2.99591 
12 7 2 33 18 3 
0 8 2 -3 21 3 
1 8 2 -0.0113588 21 2.99942 
2 8 2 2.87938 20.997 2.87938 
3 8 2 6.09834 20.9781 2.0502 
4 8 2 9.04379 20.9613 1.00912 
5 8 2 11.9999 20.9574 0.757047 
6 8 2 15.0017 20.9574 0.993056 
7 8 2 18.0011 20.9582 1.28731 
8 8 2 20.9616 20.9616 1.50409 
9 8 2 23.8789 20.977 2.02344 
10 8 2 27.0625 20.9967 2.83197 
11 8 2 30.0078 21 2.99833 
12 8 2 33 21 3 
0 9 2 -3 24 3 
1 9 2 -0.00637351 24 2.99978 
2 9 2 2.93335 24.0008 2.93335 
3 9 2 6.05782 23.9503 2.47905 
4 9 2 9.025 23.8773 1.91621 
5 9 2 12 23.8972 1.72555 
6 9 2 15 23.9116 1.87825 
7 9 2 18 23.9058 1.98776 
8 9 2 20.977 23.8789 2.02344 
9 9 2 23.945 23.945 2.4063 
10 9 2 27.0592 23.9996 2.91527 
11 9 2 30.0058 24 2.99957 
12 9 2 33 24 3 
0 10 2 -3 27 3 
1 10 2 -0.000962546 27 2.99998 
2 10 2 2.99143 27.0174 2.99143 
3 10 2 6.01256 27.0599 2.92732 
4 10 2 9.00436 27.0625 2.83158 
5 10 2 12 27.1196 2.76194 
6 10 2 15 27.1539 2.74737 
7 10 2 18 27.1231 2.78126 
8 10 2 20.9967 27.0625 2.83197 
9 10 2 23.9996 27.0592 2.91527 
10 10 2 27.0177 27.0177 2.98929 
11 10 2 30.0013 27.0001 2.99996 
12 10 2 33 27 3 
0 11 2 -3 30 3 
1 11 2 -1.99703e-06 30 3 
2 11 2 2.99997 30.0012 2.99997 
3 11 2 5.99999 30.0057 2.99963 
4 11 2 9 30.0079 2.99835 
5 11 2 12 30.0114 2.9959 
6 11 2 15 30.0135 2.99445 
7 11 2 18 30.0114 2.99591 
8 11 2 21 30.0078 2.99833 
9 11 2 24 30.0058 2.99957 
10 11 2 27.0001 30.0013 2.99996 
11 11 2 30 30 3 
12 11 2 33 30 3 
0 12 2 -3 33 3 
1 12 2 0 33 3 
2 12 2 3 33 3 
3 12 2 6 33 3 
4 12 2 9 33 3 
5 12 2 12 33 3 
6 12 2 15 33 3 
7 12 2 18 33 3 
8 12 2 21 33 3 
9 12 2 24 33 3 
10 12 2 27 33 3 
11 12 2 30 33 3 
12 12 2 33 33 3 
0 0 3 -3 -3 6 
1 0 3 0 -3 6 
2 0 3 3 -3 6 
3 0 3 6 -3 6 
4 0 3 9 -3 6 
5 0 3 12 -3 6 
6 0 3 15 -3 6 
7 0 3 18 -3 6 
8 0 3 21 -3 6 
9 0 3 24 -3 6 
10 0 3 27 -3 6 
11 0 3 30 -3 6 
12 0 3 33 -3 6 
0 1 3 -3 0 6 
1 1 3 -1.8326e-05 -1.8326e-05 6 
2 1 3 2.99974 -0.00575783 6 
3 1 3 5.99999 -0.035526 5.99999 
4 1 3 9.00004 -0.0663188 5.99966 
5 1 3 12 -0.0845655 5.99902 
6 1 3 15 -0.0940883 5.99889 
7 1 3 18 -0.097131 5.99937 
8 1 3 21 -0.0820601 5.99985 
9 1 3 24 -0.0453455 6.00003 
10 1 3 27.0002 -0.00677886 6.00002 
11 1 3 30 -1.39905e-05 6 
12 1 3 33 0 6 
0 2 3 -3 3 6 
1 2 3 -0.00575783 2.99974 6 
2 2 3 2.94682 2.94682 6.00724 
3 2 3 6.0702 2.66245 6.0702 
4 2 3 9.02534 2.25513 6.11141 
5 2 3 12 1.99295 6.08614 
6 2 3 15 1.91786 6.10577 
7 2 3 18 1.87944 6.12435 
8 2 3 20.9781 2.0502 6.09834 
9 2 3 23.9503 2.47905 6.05782 
10 2 3 27.0599 2.92732 6.01256 
11 2 3 30.0057 2.99963 5.99999 
12 2 3 33 3 6 
0 3 3 -3 6 6 
1 3 3 -0.035526 5.99999 5.99999 
2 3 3 2.66245 6.0702 6.0702 
3 3 3 6.40906 6.40906 6.40906 
4 3 3 9.15159 6.46977 6.46977 
5 3 3 11.9958 6.45047 6.45047 
6 3 3 15.011 6.5978 6.5978 
7 3 3 18.0121 6.61176 6.61176 
8 3 3 20.8628 6.5099 6.5099 
9 3 3 23.632 6.29178 6.29178 
10 3 3 27.3124 6.0569 6.0569 
11 3 3 30.0326 5.99955 5.99955 
12 3 3 33 6 6 
0 4 3 -3 9 6 
1 4 3 -0.0663188 9.00004 5.99966 
2 4 3 2.25513 9.02534 6.11141 
3 4 3 6.46977 9.15159 6.46977 
4 4 3 9.20194 9.20194 6.78321 
5 4 3 11.8768 9.03023 7.2864 
6 4 3 15.1822 8.94146 7.29637 
7 4 3 18.2918 9.22258 7.24895 
8 4 3 20.8592 9.28097 6.81796 
9 4 3 23.5554 9.15948 6.4263 
10 4 3 27.5838 9.02588 6.03829 
11 4 3 30.0547 8.99997 5.99681 
12 4 3 33 9 6 
0 5 3 -3 12 6 
1 5 3 -0.0845655 12 5.99902 
2 5 3 1.99295 12 6.08614 
3 5 3 6.45047 11.9958 6.45047 
4 5 3 9.03023 11.8768 7.2864 
5 5 3 11.1826 11.1826 7.68729 
6 5 3 15.7578 10.7654 7.8917 
7 5 3 19.5436 11.6692 7.78536 
8 5 3 21.1481 12.0022 7.21833 
9 5 3 23.6 12.0011 6.60841 
10 5 3 27.7743 12 5.96221 
11 5 3 30.0708 12 5.99096 
12 5 3 33 12 6 
0 6 3 -3 15 6 
1 6 3 -0.0940883 15 5.99889 
2 6 3 1.91786 15 6.10577 
3 6 3 6.5978 15.011 6.5978 
4 6 3 8.94146 15.1822 7.29637 
5 6 3 10.7654 15.7578 7.8917 
6 6 3 16.2879 16.2879 8.56776 
7 6 3 20.5077 15.7438 7.34398 
8 6 3 21.4025 15.1868 7.23807 
9 6 3 23.6131 15.0113 6.84769 
10 6 3 27.9128 15 5.92572 
11 6 3 30.0837 15 5.98739 
12 6 3 33 15 6 
0 7 3 -3 18 6 
1 7 3 -0.097131 18 5.99937 
2 7 3 1.87944 18 6.12435 
3 7 3 6.61176 18.0121 6.61176 
4 7 3 9.22258 18.2918 7.24895 
5 7 3 11.6692 19.5436 7.78536 
6 7 3 15.7438 20.5077 7.34398 
7 7 3 19.0972 19.0972 7.35069 
8 7 3 21.1109 18.211 7.20918 
9 7 3 23.6711 18.0099 6.78911 
10 7 3 27.7913 18 5.97265 
11 7 3 30.0701 18 5.99094 
12 7 3 33 18 6 
0 8 3 -3 21 6 
1 8 3 -0.0820601 21 5.99985 
2 8 3 2.0502 20.9781 6.09834 
3 8 3 6.5099 20.8628 6.5099 
4 8 3 9.28097 20.8592 6.81796 
5 8 3 12.0022 21.1481 7.21833 
6 8 3 15.1868 21.4025 7.23807 
7 8 3 18.211 21.1109 7.20918 
8 8 3 20.8595 20.8595 6.99598 
9 8 3 23.5899 20.8617 6.4361 
10 8 3 27.5826 20.9778 6.02308 
11 8 3 30.0537 21 5.99672 
12 8 3 33 21 6 
0 9 3 -3 24 6 
1 9 3 -0.0453455 24 6.00003 
2 9 3 2.47905 23.9503 6.05782 
3 9 3 6.29178 23.632 6.29178 
4 9 3 9.15948 23.5554 6.4263 
5 9 3 12.0011 23.6 6.60841 
6 9 3 15.0113 23.6131 6.84769 
7 9 3 18.0099 23.6711 6.78911 
8 9 3 20.8617 23.5899 6.4361 
9 9 3 23.6189 23.6189 6.18342 
10 9 3 27.301 23.9487 6.0389 
11 9 3 30.0321 24 5.99944 
12 9 3 33 24 6 
0 10 3 -3 27 6 
1 10 3 -0.00677886 27.0002 6.00002 
2 10 3 2.92732 27.0599 6.01256 
3 10 3 6.0569 27.3124 6.0569 
4 10 3 9.02588 27.5838 6.03829 
5 10 3 12 27.7743 5.96221 
6 10 3 15 27.9128 5.92572 
7 10 3 18 27.7913 5.97265 
8 10 3 20.9778 27.5826 6.02308 
9 10 3 23.9487 27.301 6.0389 
10 10 3 27.0593 27.0593 6.01063 
11 10 3 30.0057 27.0002 5.99997 
12 10 3 33 27 6 
0 11 3 -3 30 6 
1 11 3 -1.39905e-05 30 6 
2 11 3 2.99963 30.0057 5.99999 
3 11 3 5.99955 30.0326 5.99955 
4 11 3 8.99997 30.0547 5.99681 
5 11 3 12 30.0708 5.99096 
6 11 3 15 30.0837 5.98739 
7 11 3 18 30.0701 5.99094 
8 11 3 21 30.0537 5.99672 
9 11 3 24 30.0321 5.99944 
10 11 3 27.0002 30.0057 5.99997 
11 11 3 30 30 6 
12 11 3 33 30 6 
0 12 3 -3 33 6 
1 12 3 0 33 6 
2 12 3 3 33 6 
3 12 3 6 33 6 
4 12 3 9 33 6 
5 12 3 12 33 6 
6 12 3 15 33 6 
7 12 3 18 33 6 
8 12 3 21 33 6 
9 12 3 24 33 6 
10 12 3 27 33 6 
11 12 3 30 33 6 
12 12 3 33 33 6 
0 0 4 -3 -3 9 
1 0 4 0 -3 9 
2 0 4 3 -3 9 
3 0 4 6 -3 9 
4 0 4 9 -3 9 
5 0 4 12 -3 9 
6 0 4 15 -3 9 
7 0 4 18 -3 9 
8 0 4 21 -3 9 
9 0 4 24 -3 9 
10 0 4 27 -3 9 
11 0 4 30 -3 9 
12 0 4 33 -3 9 
0 1 4 -3 0 9 
1 1 4 -4.47791e-05 -4.47791e-05 9 
2 1 4 2.99924 -0.00989508 9.00001 
3 1 4 5.99966 -0.0663188 9.00004 
4 1 4 9.00006 -0.113577 9.00006 
5 1 4 12 -0.134746 9.00004 
6 1 4 15 -0.152729 9.00003 
7 1 4 18 -0.177816 9.00007 
8 1 4 20.9999 -0.16494 9.00007 
9 1 4 23.9997 -0.0892903 9.00005 
10 1 4 27.0001 -0.0130953 9.00001 
11 1 4 30 -2.84334e-05 9 
12 1 4 33 0 9 
0 2 4 -3 3 9 
1 2 4 -0.00989508 2.99924 9.00001 
2 2 4 2.90499 2.90499 9.0039 
3 2 4 6.11141 2.25513 9.02534 
4 2 4 9.04171 1.71852 9.04171 
5 2 4 11.9972 1.64533 9.04002 
6 2 4 15.003 1.43538 9.03859 
7 2 4 18.0028 1.01013 9.05082 
8 2 4 20.9613 1.00912 9.04379 
9 2 4 23.8773 1.91621 9.025 
10 2 4 27.0625 2.83158 9.00436 
11 2 4 30.0079 2.99835 9 
12 2 4 33 3 9 
0 3 4 -3 6 9 
1 3 4 -0.0663188 5.99966 9.00004 
2 3 4 2.25513 6.11141 9.02534 
3 3 4 6.46977 6.46977 9.15159 
4 3 4 9.20194 6.78321 9.20194 
5 3 4 11.8768 7.2864 9.03023 
6 3 4 15.1822 7.29637 8.94146 
7 3 4 18.2918 7.24895 9.22258 
8 3 4 20.8592 6.81796 9.28097 
9 3 4 23.5554 6.4263 9.15948 
10 3 4 27.5838 6.03829 9.02588 
11 3 4 30.0547 5.99681 8.99997 
12 3 4 33 6 9 
0 4 4 -3 9 9 
1 4 4 -0.113577 9.00006 9.00006 
2 4 4 1.71852 9.04171 9.04171 
3 4 4 6.78321 9.20194 9.20194 
4 4 4 8.76777 8.76777 8.76777 
5 4 4 10.1783 7.29594 7.29594 
6 4 4 15.2248 5.73937 5.73937 
7 4 4 20.4642 7.30429 7.30429 
8 4 4 21.619 9.45681 9.45681 
9 4 4 23.5286 9.28891 9.28891 
10 4 4 28.1585 9.0389 9.0389 
11 4 4 30.1039 8.99958 8.99958 
12 4 4 33 9 9 
0 5 4 -3 12 9 
1 5 4 -0.134746 12 9.00004 
2 5 4 1.64533 11.9972 9.04002 
3 5 4 7.2864 11.8768 9.03023 
4 5 4 7.29594 10.1783 7.29594 
5 5 4 7.25385 7.25385 6.99597 
6 5 4 14.9845 5.58279 2.49735 
7 5 4 24.8397 7.96785 4.53281 
8 5 4 23.4669 12.018 9.62014 
9 5 4 22.9274 11.9937 9.31018 
10 5 4 28.3636 11.9991 9.0326 
11 5 4 30.1472 12 8.99871 
12 5 4 33 12 9 
0 6 4 -3 15 9 
1 6 4 -0.152729 15 9.00003 
2 6 4 1.43538 15.003 9.03859 
3 6 4 7.29637 15.1822 8.94146 
4 6 4 5.73937 15.2248 5.73937 
5 6 4 5.58279 14.9845 2.49735 
6 6 4 17.1602 17.1602 2.48458 
7 6 4 26.1152 15.9036 3.45468 
8 6 4 24.4795 15.8553 8.11732 
9 6 4 22.659 15.1815 9.24928 
10 6 4 28.4542 15.0022 9.02521 
11 6 4 30.1681 15 8.99818 
12 6 4 33 15 9 
0 7 4 -3 18 9 
1 7 4 -0.177816 18 9.00007 
2 7 4 1.01013 18.0028 9.05082 
3 7 4 7.24895 18.2918 9.22258 
4 7 4 7.30429 20.4642 7.30429 
5 7 4 7.96785 24.8397 4.53281 
6 7 4 15.9036 26.1152 3.45468 
7 7 4 20.9357 20.9357 6.59075 
8 7 4 23.2842 19.7269 8.46054 
9 7 4 22.9938 18.2233 9.31503 
10 7 4 28.299 18.0018 9.03239 
11 7 4 30.1425 18 8.99871 
12 7 4 33 18 9 
0 8 4 -3 21 9 
1 8 4 -0.16494 20.9999 9.00007 
2 8 4 1.00912 20.9613 9.04379 
3 8 4 6.81796 20.8592 9.28097 
4 8 4 9.45681 21.619 9.45681 
5 8 4 12.018 23.4669 9.62014 
6 8 4 15.8553 24.4795 8.11732 
7 8 4 19.7269 23.2842 8.46054 
8 8 4 21.5838 21.5838 9.41385 
9 8 4 23.5845 20.8675 9.2732 
10 8 4 28.1147 20.9643 9.0355 
11 8 4 30.0997 20.9999 8.99957 
12 8 4 33 21 9 
0 9 4 -3 24 9 
1 9 4 -0.0892903 23.9997 9.00005 
2 9 4 1.91621 23.8773 9.025 
3 9 4 6.4263 23.5554 9.15948 
4 9 4 9.28891 23.5286 9.28891 
5 9 4 11.9937 22.9274 9.31018 
6 9 4 15.1815 22.659 9.24928 
7 9 4 18.2233 22.9938 9.31503 
8 9 4 20.8675 23.5845 9.2732 
9 9 4 23.6523 23.6523 9.14834 
10 9 4 27.6207 23.9036 9.02402 
11 9 4 30.0547 24 8.99995 
12 9 4 33 24 9 
0 10 4 -3 27 9 
1 10 4 -0.0130953 27.0001 9.00001 
2 10 4 2.83158 27.0625 9.00436 
3 10 4 6.03829 27.5838 9.02588 
4 10 4 9.0389 28.1585 9.0389 
5 10 4 11.9991 28.3636 9.0326 
6 10 4 15.0022 28.4542 9.02521 
7 10 4 18.0018 28.299 9.03239 
8 10 4 20.9643 28.1147 9.0355 
9 10 4 23.9036 27.6207 9.02402 
10 10 4 27.0785 27.0785 9.00432 
11 10 4 30.0083 27.0004 9 
12 10 4 33 27 9 
0 11 4 -3 30 9 
1 11 4 -2.84334e-05 30 9 
2 11 4 2.99835 30.0079 9 
3 11 4 5.99681 30.0547 8.99997 
4 11 4 8.99958 30.1039 8.99958 
5 11 4 12 30.1472 8.99871 
6 11 4 15 30.1681 8.99818 
7 11 4 18 30.1425 8.99871 
8 11 4 20.9999 30.0997 8.99957 
9 11 4 24 30.0547 8.99995 
10 11 4 27.0004 30.0083 9 
11 11 4 30 30 9 
12 11 4 33 30 9 
0 12 4 -3 33 9 
1 12 4 0 33 9 
2 12 4 3 33 9 
3 12 4 6 33 9 
4 12 4 9 33 9 
5 12 4 12 33 9 
6 12 4 15 33 9 
7 12 4 18 33 9 
8 12 4 21 33 9 
9 12 4 24 33 9 
10 12 4 27 33 9 
11 12 4 30 33 9 
12 12 4 33 33 9 
0 0 5 -3 -3 12 
1 0 5 0 -3 12 
2 0 5 3 -3 12 
3 0 5 6 -3 12 
4 0 5 9 -3 12 
5 0 5 12 -3 12 
6 0 5 15 -3 12 
7 0 5 18 -3 12 
8 0 5 21 -3 12 
9 0 5 24 -3 12 
10 0 5 27 -3 12 
11 0 5 30 -3 12 
12 0 5 33 -3 12 
0 1 5 -3 0 12 
1 1 5 -7.81462e-05 -7.81462e-05 12 
2 1 5 2.99852 -0.0136957 12 
3 1 5 5.99902 -0.0845655 12 
4 1 5 9.00004 -0.134746 12 
5 1 5 12 -0.173517 12 
6 1 5 15 -0.182964 11.9999 
7 1 5 18 -0.197998 12 
8 1 5 20.9999 -0.193709 12 
9 1 5 23.9998 -0.107991 12 
10 1 5 27.0002 -0.0159437 12 
11 1 5 30 -4.00362e-05 12 
12 1 5 33 0 12 
0 2 5 -3 3 12 
1 2 5 -0.0136957 2.99852 12 
2 2 5 2.8419 2.8419 12 
3 2 5 6.08614 1.99295 12 
4 2 5 9.04002 1.64533 11.9972 
5 2 5 11.9564 1.25554 11.9564 
6 2 5 15.0292 1.21713 11.9184 
7 2 5 18.0379 0.982735 11.983 
8 2 5 20.9574 0.757047 11.9999 
9 2 5 23.8972 1.72555 12 
10 2 5 27.1196 2.76194 12 
11 2 5 30.0114 2.9959 12 
12 2 5 33 3 12 
0 3 5 -3 6 12 
1 3 5 -0.0845655 5.99902 12 
2 3 5 1.99295 6.08614 12 
3 3 5 6.45047 6.45047 11.9958 
4 3 5 9.03023 7.2864 11.8768 
5 3 5 11.1826 7.68729 11.1826 
6 3 5 15.7578 7.8917 10.7654 
7 3 5 19.5436 7.78536 11.6692 
8 3 5 21.1481 7.21833 12.0022 
9 3 5 23.6 6.60841 12.0011 
10 3 5 27.7743 5.96221 12 
11 3 5 30.0708 5.99096 12 
12 3 5 33 6 12 
0 4 5 -3 9 12 
1 4 5 -0.134746 9.00004 12 
2 4 5 1.64533 9.04002 11.9972 
3 4 5 7.2864 9.03023 11.8768 
4 4 5 7.29594 7.29594 10.1783 
5 4 5 7.25385 6.99597 7.25385 
6 4 5 14.9845 2.49735 5.58279 
7 4 5 24.8397 4.53281 7.96785 
8 4 5 23.4669 9.62014 12.018 
9 4 5 22.9274 9.31018 11.9937 
10 4 5 28.3636 9.0326 11.9991 
11 4 5 30.1472 8.99871 12 
12 4 5 33 9 12 
0 5 5 -3 12 12 
1 5 5 -0.173517 12 12 
2 5 5 1.25554 11.9564 11.9564 
3 5 5 7.68729 11.1826 11.1826 
4 5 5 6.99597 7.25385 7.25385 
5 5 5 12.2697 12.2697 12.2697 
6 5 5 12.4 11.5248 11.5248 
7 5 5 22.1519 12.2011 12.2011 
8 5 5 25.045 12.9087 12.9087 
9 5 5 21.545 11.7116 11.7116 
10 5 5 29.2279 11.9895 11.9895 
11 5 5 30.1993 12 12 
12 5 5 33 12 12 
0 6 5 -3 15 12 
1 6 5 -0.182964 15 11.9999 
2 6 5 1.21713 15.0292 11.9184 
3 6 5 7.8917 15.7578 10.7654 
4 6 5 2.49735 14.9845 5.58279 
5 6 5 11.5248 12.4 11.5248 
6 6 5 14.1534 14.1534 17.9759 
7 6 5 17.9748 14.5117 12.7736 
8 6 5 27.3857 17.0436 7.13576 
9 6 5 21.5895 15.6831 11.3283 
10 6 5 29.0793 15.0182 11.9836 
11 6 5 30.1913 15 12 
12 6 5 33 15 12 
0 7 5 -3 18 12 
1 7 5 -0.197998 18 12 
2 7 5 0.982735 18.0379 11.983 
3 7 5 7.78536 19.5436 11.6692 
4 7 5 4.53281 24.8397 7.96785 
5 7 5 12.2011 22.1519 12.2011 
6 7 5 14.5117 17.9748 12.7736 
7 7 5 17.1337 17.1337 7.86195 
8 7 5 25.4543 24.0128 8.80494 
9 7 5 22.5254 19.2205 11.8139 
10 7 5 28.4559 18.0218 11.9955 
11 7 5 30.1632 18 12 
12 7 5 33 18 12 
0 8 5 -3 21 12 
1 8 5 -0.193709 20.9999 12 
2 8 5 0.757047 20.9574 11.9999 
3 8 5 7.21833 21.1481 12.0022 
4 8 5 9.62014 23.4669 12.018 
5 8 5 12.9087 25.045 12.9087 
6 8 5 17.0436 27.3857 7.13576 
7 8 5 24.0128 25.4543 8.80494 
8 8 5 23.3441 23.3441 11.7105 
9 8 5 22.9675 21.1234 12.0085 
10 8 5 28.2604 20.9553 12 
11 8 5 30.1415 20.9999 12 
12 8 5 33 21 12 
0 9 5 -3 24 12 
1 9 5 -0.107991 23.9998 12 
2 9 5 1.72555 23.8972 12 
3 9 5 6.60841 23.6 12.0011 
4 9 5 9.31018 22.9274 11.9937 
5 9 5 11.7116 21.545 11.7116 
6 9 5 15.6831 21.5895 11.3283 
7 9 5 19.2205 22.5254 11.8139 
8 9 5 21.1234 22.9675 12.0085 
9 9 5 23.6919 23.6919 12.0012 
10 9 5 27.8333 23.9124 12 
11 9 5 30.0729 24.0007 12 
12 9 5 33 24 12 
0 10 5 -3 27 12 
1 10 5 -0.0159437 27.0002 12 
2 10 5 2.76194 27.1196 12 
3 10 5 5.96221 27.7743 12 
4 10 5 9.0326 28.3636 11.9991 
5 10 5 11.9895 29.2279 11.9895 
6 10 5 15.0182 29.0793 11.9836 
7 10 5 18.0218 28.4559 11.9955 
8 10 5 20.9553 28.2604 12 
9 10 5 23.9124 27.8333 12 
10 10 5 27.1494 27.1494 12 
11 10 5 30.0131 27.0013 12 
12 10 5 33 27 12 
0 11 5 -3 30 12 
1 11 5 -4.00362e-05 30 12 
2 11 5 2.9959 30.0114 12 
3 11 5 5.99096 30.0708 12 
4 11 5 8.99871 30.1472 12 
5 11 5 12 30.1993 12 
6 11 5 15 30.1913 12 
7 11 5 18 30.1632 12 
8 11 5 20.9999 30.1415 12 
9 11 5 24.0007 30.0729 12 
10 11 5 27.0013 30.0131 12 
11 11 5 30.0001 30.0001 12 
12 11 5 33 30 12 
0 12 5 -3 33 12 
1 12 5 0 33 12 
2 12 5 3 33 12 
3 12 5 6 33 12 
4 12 5 9 33 12 
5 12 5 12 33 12 
6 12 5 15 33 12 
7 12 5 18 33 12 
8 12 5 21 33 12 
9 12 5 24 33 12 
10 12 5 27 33 12 
11 12 5 30 33 12 
12 12 5 33 33 12 
0 0 6 -3 -3 15 
1 0 6 0 -3 15 
2 0 6 3 -3 15 
3 0 6 6 -3 15 
4 0 6 9 -3 15 
5 0 6 12 -3 15 
6 0 6 15 -3 15 
7 0 6 18 -3 15 
8 0 6 21 -3 15 
9 0 6 24 -3 15 
10 0 6 27 -3 15 
11 0 6 30 -3 15 
12 0 6 33 -3 15 
0 1 6 -3 0 15 
1 1 6 -8.75827e-05 -8.75827e-05 15 
2 1 6 2.99834 -0.0148441 15 
3 1 6 5.99889 -0.0940883 15 
4 1 6 9.00003 -0.152729 15 
5 1 6 11.9999 -0.182964 15 
6 1 6 15 -0.187635 15 
7 1 6 18 -0.193223 15 
8 1 6 20.9999 -0.176226 15 
9 1 6 23.9998 -0.103758 15 
10 1 6 27.0003 -0.0159657 15 
11 1 6 30 -4.44418e-05 15 
12 1 6 33 0 15 
0 2 6 -3 3 15 
1 2 6 -0.0148441 2.99834 15 
2 2 6 2.83351 2.83351 15 
3 2 6 6.10577 1.91786 15 
4 2 6 9.03859 1.43538 15.003 
5 2 6 11.9184 1.21713 15.0292 
6 2 6 15.0532 1.37409 15.0532 
7 2 6 18.0756 0.889115 15.0259 
8 2 6 20.9574 0.993056 15.0017 
9 2 6 23.9116 1.87825 15 
10 2 6 27.1539 2.74737 15 
11 2 6 30.0135 2.99445 15 
12 2 6 33 3 15 
0 3 6 -3 6 15 
1 3 6 -0.0940883 5.99889 15 
2 3 6 1.91786 6.10577 15 
3 3 6 6.5978 6.5978 15.011 
4 3 6 8.94146 7.29637 15.1822 
5 3 6 10.7654 7.8917 15.7578 
6 3 6 16.2879 8.56776 16.2879 
7 3 6 20.5077 7.34398 15.7438 
8 3 6 21.4025 7.23807 15.1868 
9 3 6 23.6131 6.84769 15.0113 
10 3 6 27.9128 5.92572 15 
11 3 6 30.0837 5.98739 15 
12 3 6 33 6 15 
0 4 6 -3 9 15 
1 4 6 -0.152729 9.00003 15 
2 4 6 1.43538 9.03859 15.003 
3 4 6 7.29637 8.94146 15.1822 
4 4 6 5.73937 5.73937 15.2248 
5 4 6 5.58279 2.49735 14.9845 
6 4 6 17.1602 2.48458 17.1602 
7 4 6 26.1152 3.45468 15.9036 
8 4 6 24.4795 8.11732 15.8553 
9 4 6 22.659 9.24928 15.1815 
10 4 6 28.4542 9.02521 15.0022 
11 4 6 30.1681 8.99818 15 
12 4 6 33 9 15 
0 5 6 -3 12 15 
1 5 6 -0.182964 11.9999 15 
2 5 6 1.21713 11.9184 15.0292 
3 5 6 7.8917 10.7654 15.7578 
4 5 6 2.49735 5.58279 14.9845 
5 5 6 11.5248 11.5248 12.4 
6 5 6 14.1534 17.9759 14.1534 
7 5 6 17.9748 12.7736 14.5117 
8 5 6 27.3857 7.13576 17.0436 
9 5 6 21.5895 11.3283 15.6831 
10 5 6 29.0793 11.9836 15.0182 
11 5 6 30.1913 12 15 
12 5 6 33 12 15 
0 6 6 -3 15 15 
1 6 6 -0.187635 15 15 
2 6 6 1.37409 15.0532 15.0532 
3 6 6 8.56776 16.2879 16.2879 
4 6 6 2.48458 17.1602 17.1602 
5 6 6 17.9759 14.1534 14.1534 
6 6 6 14.7756 14.7756 14.7756 
7 6 6 14.0102 14.8872 14.8872 
8 6 6 27.1684 16.3937 16.3937 
9 6 6 22.0593 15.8973 15.8973 
10 6 6 28.5533 15.0267 15.0267 
11 6 6 30.1829 15 15 
12 6 6 33 15 15 
0 7 6 -3 18 15 
1 7 6 -0.193223 18 15 
2 7 6 0.889115 18.0756 15.0259 
3 7 6 7.34398 20.5077 15.7438 
4 7 6 3.45468 26.1152 15.9036 
5 7 6 12.7736 17.9748 14.5117 
6 7 6 14.8872 14.0102 14.8872 
7 7 6 17.3594 17.3594 14.015 
8 7 6 25.4258 27.3422 15.5579 
9 7 6 23.0255 20.0302 15.5576 
10 7 6 28.1519 18.0416 15.0156 
11 7 6 30.1453 18 15 
12 7 6 33 18 15 
0 8 6 -3 21 15 
1 8 6 -0.176226 20.9999 15 
2 8 6 0.993056 20.9574 15.0017 
3 8 6 7.23807 21.4025 15.1868 
4 8 6 8.11732 24.4795 15.8553 
5 8 6 7.13576 27.3857 17.0436 
6 8 6 16.3937 27.1684 16.3937 
7 8 6 27.3422 25.4258 15.5579 
8 8 6 24.4217 24.4217 16.3288 
9 8 6 22.6763 21.3557 15.1801 
10 8 6 28.3668 20.9495 15.0017 
11 8 6 30.1643 20.9999 15 
12 8 6 33 21 15 
0 9 6 -3 24 15 
1 9 6 -0.103758 23.9998 15 
2 9 6 1.87825 23.9116 15 
3 9 6 6.84769 23.6131 15.0113 
4 9 6 9.24928 22.659 15.1815 
5 9 6 11.3283 21.5895 15.6831 
6 9 6 15.8973 22.0593 15.8973 
7 9 6 20.0302 23.0255 15.5576 
8 9 6 21.3557 22.6763 15.1801 
9 9 6 23.6023 23.6023 15.0112 
10 9 6 27.9505 23.9013 15 
11 9 6 30.0873 24.0012 15 
12 9 6 33 24 15 
0 10 6 -3 27 15 
1 10 6 -0.0159657 27.0003 15 
2 10 6 2.74737 27.1539 15 
3 10 6 5.92572 27.9128 15 
4 10 6 9.02521 28.4542 15.0022 
5 10 6 11.9836 29.0793 15.0182 
6 10 6 15.0267 28.5533 15.0267 
7 10 6 18.0416 28.1519 15.0156 
8 10 6 20.9495 28.3668 15.0017 
9 10 6 23.9013 27.9505 15 
10 10 6 27.1842 27.1842 15 
11 10 6 30.0159 27.0019 15 
12 10 6 33 27 15 
0 11 6 -3 30 15 
1 11 6 -4.44418e-05 30 15 
2 11 6 2.99445 30.0135 15 
3 11 6 5.98739 30.0837 15 
4 11 6 8.99818 30.1681 15 
5 11 6 12 30.1913 15 
6 11 6 15 30.1829 15 
7 11 6 18 30.1453 15 
8 11 6 20.9999 30.1643 15 
9 11 6 24.0012 30.0873 15 
10 11 6 27.0019 30.0159 15 
11 11 6 30.0001 30.0001 15 
12 11 6 33 30 15 
0 12 6 -3 33 15 
1 12 6 0 33 15 
2 12 6 3 33 15 
3 12 6 6 33 15 
4 12 6 9 33 15 
5 12 6 12 33 15 
6 12 6 15 33 15 
7 12 6 18 33 15 
8 12 6 21 33 15 
9 12 6 24 33 15 
10 12 6 27 33 15 
11 12 6 30 33 15 
12 12 6 33 33 15 
0 0 7 -3 -3 18 
1 0 7 0 -3 18 
2 0 7 3 -3 18 
3 0 7 6 -3 18 
4 0 7 9 -3 18 
5 0 7 12 -3 18 
6 0 7 15 -3 18 
7 0 7 18 -3 18 
8 0 7 21 -3 18 
9 0 7 24 -3 18 
10 0 7 27 -3 18 
11 0 7 30 -3 18 
12 0 7 33 -3 18 
0 1 7 -3 0 18 
1 1 7 -6.49612e-05 -6.49612e-05 18 
2 1 7 2.99885 -0.0137933 18 
3 1 7 5.99937 -0.097131 18 
4 1 7 9.00007 -0.177816 18 
5 1 7 12 -0.197998 18 
6 1 7 15 -0.193223 18 
7 1 7 18 -0.182295 18 
8 1 7 20.9999 -0.154324 18 
9 1 7 23.9998 -0.0943024 18 
10 1 7 27.0002 -0.014855 18 
11 1 7 30 -3.85627e-05 18 
12 1 7 33 0 18 
0 2 7 -3 3 18 
1 2 7 -0.0137933 2.99885 18 
2 2 7 2.85546 2.85546 18 
3 2 7 6.12435 1.87944 18 
4 2 7 9.05082 1.01013 18.0028 
5 2 7 11.983 0.982735 18.0379 
6 2 7 15.0259 0.889115 18.0756 
7 2 7 18.0257 0.870338 18.0257 
8 2 7 20.9582 1.28731 18.0011 
9 2 7 23.9058 1.98776 18 
10 2 7 27.1231 2.78126 18 
11 2 7 30.0114 2.99591 18 
12 2 7 33 3 18 
0 3 7 -3 6 18 
1 3 7 -0.097131 5.99937 18 
2 3 7 1.87944 6.12435 18 
3 3 7 6.61176 6.61176 18.0121 
4 3 7 9.22258 7.24895 18.2918 
5 3 7 11.6692 7.78536 19.5436 
6 3 7 15.7438 7.34398 20.5077 
7 3 7 19.0972 7.35069 19.0972 
8 3 7 21.1109 7.20918 18.211 
9 3 7 23.6711 6.78911 18.0099 
10 3 7 27.7913 5.97265 18 
11 3 7 30.0701 5.99094 18 
12 3 7 33 6 18 
0 4 7 -3 9 18 
1 4 7 -0.177816 9.00007 18 
2 4 7 1.01013 9.05082 18.0028 
3 4 7 7.24895 9.22258 18.2918 
4 4 7 7.30429 7.30429 20.4642 
5 4 7 7.96785 4.53281 24.8397 
6 4 7 15.9036 3.45468 26.1152 
7 4 7 20.9357 6.59075 20.9357 
8 4 7 23.2842 8.46054 19.7269 
9 4 7 22.9938 9.31503 18.2233 
10 4 7 28.299 9.03239 18.0018 
11 4 7 30.1425 8.99871 18 
12 4 7 33 9 18 
0 5 7 -3 12 18 
1 5 7 -0.197998 12 18 
2 5 7 0.982735 11.983 18.0379 
3 5 7 7.78536 11.6692 19.5436 
4 5 7 4.53281 7.96785 24.8397 
5 5 7 12.2011 12.2011 22.1519 
6 5 7 14.5117 12.7736 17.9748 
7 5 7 17.1337 7.86195 17.1337 
8 5 7 25.4543 8.80494 24.0128 
9 5 7 22.5254 11.8139 19.2205 
10 5 7 28.4559 11.9955 18.0218 
11 5 7 30.1632 12 18 
12 5 7 33 12 18 
0 6 7 -3 15 18 
1 6 7 -0.193223 15 18 
2 6 7 0.889115 15.0259 18.0756 
3 6 7 7.34398 15.7438 20.5077 
4 6 7 3.45468 15.9036 26.1152 
5 6 7 12.7736 14.5117 17.9748 
6 6 7 14.8872 14.8872 14.0102 
7 6 7 17.3594 14.015 17.3594 
8 6 7 25.4258 15.5579 27.3422 
9 6 7 23.0255 15.5576 20.0302 
10 6 7 28.1519 15.0156 18.0416 
11 6 7 30.1453 15 18 
12 6 7 33 15 18 
0 7 7 -3 18 18 
1 7 7 -0.182295 18 18 
2 7 7 0.870338 18.0257 18.0257 
3 7 7 7.35069 19.0972 19.0972 
4 7 7 6.59075 20.9357 20.9357 
5 7 7 7.86195 17.1337 17.1337 
6 7 7 14.015 17.3594 17.3594 
7 7 7 18.8056 18.8056 18.8056 
8 7 7 24.0251 21.9398 21.9398 
9 7 7 22.6054 18.948 18.948 
10 7 7 28.3624 18.0171 18.0171 
11 7 7 30.1567 18 18 
12 7 7 33 18 18 
0 8 7 -3 21 18 
1 8 7 -0.154324 20.9999 18 
2 8 7 1.28731 20.9582 18.0011 
3 8 7 7.20918 21.1109 18.211 
4 8 7 8.46054 23.2842 19.7269 
5 8 7 8.80494 25.4543 24.0128 
6 8 7 15.5579 25.4258 27.3422 
7 8 7 21.9398 24.0251 21.9398 
8 8 7 23.2323 23.2323 20.2356 
9 8 7 22.9389 21.1015 18.2089 
10 8 7 28.2367 20.956 18.0011 
11 8 7 30.1406 20.9999 18 
12 8 7 33 21 18 
0 9 7 -3 24 18 
1 9 7 -0.0943024 23.9998 18 
2 9 7 1.98776 23.9058 18 
3 9 7 6.78911 23.6711 18.0099 
4 9 7 9.31503 22.9938 18.2233 
5 9 7 11.8139 22.5254 19.2205 
6 9 7 15.5576 23.0255 20.0302 
7 9 7 18.948 22.6054 18.948 
8 9 7 21.1015 22.9389 18.2089 
9 9 7 23.7002 23.7002 18.0098 
10 9 7 27.8355 23.9194 18 
11 9 7 30.0728 24.0007 18 
12 9 7 33 24 18 
0 10 7 -3 27 18 
1 10 7 -0.014855 27.0002 18 
2 10 7 2.78126 27.1231 18 
3 10 7 5.97265 27.7913 18 
4 10 7 9.03239 28.299 18.0018 
5 10 7 11.9955 28.4559 18.0218 
6 10 7 15.0156 28.1519 18.0416 
7 10 7 18.0171 28.3624 18.0171 
8 10 7 20.956 28.2367 18.0011 
9 10 7 23.9194 27.8355 18 
10 10 7 27.1524 27.1524 18 
11 10 7 30.0131 27.0013 18 
12 10 7 33 27 18 
0 11 7 -3 30 18 
1 11 7 -3.85627e-05 30 18 
2 11 7 2.99591 30.0114 18 
3 11 7 5.99094 30.0701 18 
4 11 7 8.99871 30.1425 18 
5 11 7 12 30.1632 18 
6 11 7 15 30.1453 18 
7 11 7 18 30.1567 18 
8 11 7 20.9999 30.1406 18 
9 11 7 24.0007 30.0728 18 
10 11 7 27.0013 30.0131 18 
11 11 7 30.0001 30.0001 18 
12 11 7 33 30 18 
0 12 7 -3 33 18 
1 12 7 0 33 18 
2 12 7 3 33 18 
3 12 7 6 33 18 
4 12 7 9 33 18 
5 12 7 12 33 18 
6 12 7 15 33 18 
7 12 7 18 33 18 
8 12 7 21 33 18 
9 12 7 24 33 18 
10 12 7 27 33 18 
11 12 7 30 33 18 
12 12 7 33 33 18 
0 0 8 -3 -3 21 
1 0 8 0 -3 21 
2 0 8 3 -3 21 
3 0 8 6 -3 21 
4 0 8 9 -3 21 
5 0 8 12 -3 21 
6 0 8 15 -3 21 
7 0 8 18 -3 21 
8 0 8 21 -3 21 
9 0 8 24 -3 21 
10 0 8 27 -3 21 
11 0 8 30 -3 21 
12 0 8 33 -3 21 
0 1 8 -3 0 21 
1 1 8 -3.68553e-05 -3.68553e-05 21 
2 1 8 2.99942 -0.0113588 21 
3 1 8 5.99985 -0.0820601 21 
4 1 8 9.00007 -0.16494 20.9999 
5 1 8 12 -0.193709 20.9999 
6 1 8 15 -0.176226 20.9999 
7 1 8 18 -0.154324 20.9999 
8 1 8 20.9999 -0.134449 20.9999 
9 1 8 23.9998 -0.0819075 21 
10 1 8 27.0001 -0.0126427 21 
11 1 8 30 -2.79768e-05 21 
12 1 8 33 0 21 
0 2 8 -3 3 21 
1 2 8 -0.0113588 2.99942 21 
2 2 8 2.87938 2.87938 20.997 
3 2 8 6.09834 2.0502 20.9781 
4 2 8 9.04379 1.00912 20.9613 
5 2 8 11.9999 0.757047 20.9574 
6 2 8 15.0017 0.993056 20.9574 
7 2 8 18.0011 1.28731 20.9582 
8 2 8 20.9616 1.50409 20.9616 
9 2 8 23.8789 2.02344 20.977 
10 2 8 27.0625 2.83197 20.9967 
11 2 8 30.0078 2.99833 21 
12 2 8 33 3 21 
0 3 8 -3 6 21 
1 3 8 -0.0820601 5.99985 21 
2 3 8 2.0502 6.09834 20.9781 
3 3 8 6.5099 6.5099 20.8628 
4 3 8 9.28097 6.81796 20.8592 
5 3 8 12.0022 7.21833 21.1481 
6 3 8 15.1868 7.23807 21.4025 
7 3 8 18.211 7.20918 21.1109 
8 3 8 20.8595 6.99598 20.8595 
9 3 8 23.5899 6.4361 20.8617 
10 3 8 27.5826 6.02308 20.9778 
11 3 8 30.0537 5.99672 21 
12 3 8 33 6 21 
0 4 8 -3 9 21 
1 4 8 -0.16494 9.00007 20.9999 
2 4 8 1.00912 9.04379 20.9613 
3 4 8 6.81796 9.28097 20.8592 
4 4 8 9.45681 9.45681 21.619 
5 4 8 12.018 9.62014 23.4669 
6 4 8 15.8553 8.11732 24.4795 
7 4 8 19.7269 8.46054 23.2842 
8 4 8 21.5838 9.41385 21.5838 
9 4 8 23.5845 9.2732 20.8675 
10 4 8 28.1147 9.0355 20.9643 
11 4 8 30.0997 8.99957 20.9999 
12 4 8 33 9 21 
0 5 8 -3 12 21 
1 5 8 -0.193709 12 20.9999 
2 5 8 0.757047 11.9999 20.9574 
3 5 8 7.21833 12.0022 21.1481 
4 5 8 9.62014 12.018 23.4669 
5 5 8 12.9087 12.9087 25.045 
6 5 8 17.0436 7.13576 27.3857 
7 5 8 24.0128 8.80494 25.4543 
8 5 8 23.3441 11.7105 23.3441 
9 5 8 22.9675 12.0085 21.1234 
10 5 8 28.2604 12 20.9553 
11 5 8 30.1415 12 20.9999 
12 5 8 33 12 21 
0 6 8 -3 15 21 
1 6 8 -0.176226 15 20.9999 
2 6 8 0.993056 15.0017 20.9574 
3 6 8 7.23807 15.1868 21.4025 
4 6 8 8.11732 15.8553 24.4795 
5 6 8 7.13576 17.0436 27.3857 
6 6 8 16.3937 16.3937 27.1684 
7 6 8 27.3422 15.5579 25.4258 
8 6 8 24.4217 16.3288 24.4217 
9 6 8 22.6763 15.1801 21.3557 
10 6 8 28.3668 15.0017 20.9495 
11 6 8 30.1643 15 20.9999 
12 6 8 33 15 21 
0 7 8 -3 18 21 
1 7 8 -0.154324 18 20.9999 
2 7 8 1.28731 18.0011 20.9582 
3 7 8 7.20918 18.211 21.1109 
4 7 8 8.46054 19.7269 23.2842 
5 7 8 8.80494 24.0128 25.4543 
6 7 8 15.5579 27.3422 25.4258 
7 7 8 21.9398 21.9398 24.0251 
8 7 8 23.2323 20.2356 23.2323 
9 7 8 22.9389 18.2089 21.1015 
10 7 8 28.2367 18.0011 20.956 
11 7 8 30.1406 18 20.9999 
12 7 8 33 18 21 
0 8 8 -3 21 21 
1 8 8 -0.134449 20.9999 20.9999 
2 8 8 1.50409 20.9616 20.9616 
3 8 8 6.99598 20.8595 20.8595 
4 8 8 9.41385 21.5838 21.5838 
5 8 8 11.7105 23.3441 23.3441 
6 8 8 16.3288 24.4217 24.4217 
7 8 8 20.2356 23.2323 23.2323 
8 8 8 21.5866 21.5866 21.5866 
9 8 8 23.5498 20.865 20.865 
10 8 8 28.0827 20.9642 20.9642 
11 8 8 30.0987 20.9999 20.9999 
12 8 8 33 21 21 
0 9 8 -3 24 21 
1 9 8 -0.0819075 23.9998 21 
2 9 8 2.02344 23.8789 20.977 
3 9 8 6.4361 23.5899 20.8617 
4 9 8 9.2732 23.5845 20.8675 
5 9 8 12.0085 22.9675 21.1234 
6 9 8 15.1801 22.6763 21.3557 
7 9 8 18.2089 22.9389 21.1015 
8 9 8 20.865 23.5498 20.865 
9 9 8 23.6415 23.6415 20.8629 
10 9 8 27.6146 23.903 20.978 
11 9 8 30.0546 24 21 
12 9 8 33 24 21 
0 10 8 -3 27 21 
1 10 8 -0.0126427 27.0001 21 
2 10 8 2.83197 27.0625 20.9967 
3 10 8 6.02308 27.5826 20.9778 
4 10 8 9.0355 28.1147 20.9643 
5 10 8 12 28.2604 20.9553 
6 10 8 15.0017 28.3668 20.9495 
7 10 8 18.0011 28.2367 20.956 
8 10 8 20.9642 28.0827 20.9642 
9 10 8 23.903 27.6146 20.978 
10 10 8 27.0781 27.0781 20.9968 
11 10 8 30.0083 27.0004 21 
12 10 8 33 27 21 
0 11 8 -3 30 21 
1 11 8 -2.79768e-05 30 21 
2 11 8 2.99833 30.0078 21 
3 11 8 5.99672 30.0537 21 
4 11 8 8.99957 30.0997 20.9999 
5 11 8 12 30.1415 20.9999 
6 11 8 15 30.1643 20.9999 
7 11 8 18 30.1406 20.9999 
8 11 8 20.9999 30.0987 20.9999 
9 11 8 24 30.0546 21 
10 11 8 27.0004 30.0083 21 
11 11 8 30 30 21 
12 11 8 33 30 21 
0 12 8 -3 33 21 
1 12 8 0 33 21 
2 12 8 3 33 21 
3 12 8 6 33 21 
4 12 8 9 33 21 
5 12 8 12 33 21 
6 12 8 15 33 21 
7 12 8 18 33 21 
8 12 8 21 33 21 
9 12 8 24 33 21 
10 12 8 27 33 21 
11 12 8 30 33 21 
12 12 8 33 33 21 
0 0 9 -3 -3 24 
1 0 9 0 -3 24 
2 0 9 3 -3 24 
3 0 9 6 -3 24 
4 0 9 9 -3 24 
5 0 9 12 -3 24 
6 0 9 15 -3 24 
7 0 9 18 -3 24 
8 0 9 21 -3 24 
9 0 9 24 -3 24 
10 0 9 27 -3 24 
11 0 9 30 -3 24 
12 0 9 33 -3 24 
0 1 9 -3 0 24 
1 1 9 -1.63926e-05 -1.63926e-05 24 
2 1 9 2.99978 -0.00637351 24 
3 1 9 6.00003 -0.0453455 24 
4 1 9 9.00005 -0.0892903 23.9997 
5 1 9 12 -0.107991 23.9998 
6 1 9 15 -0.103758 23.9998 
7 1 9 18 -0.0943024 23.9998 
8 1 9 21 -0.0819075 23.9998 
9 1 9 24 -0.0475143 24 
10 1 9 27.0002 -0.00713599 24 
11 1 9 30 -1.4927e-05 24 
12 1 9 33 0 24 
0 2 9 -3 3 24 
1 2 9 -0.00637351 2.99978 24 
2 2 9 2.93335 2.93335 24.0008 
3 2 9 6.05782 2.47905 23.9503 
4 2 9 9.025 1.91621 23.8773 
5 2 9 12 1.72555 23.8972 
6 2 9 15 1.87825 23.9116 
7 2 9 18 1.98776 23.9058 
8 2 9 20.977 2.02344 23.8789 
9 2 9 23.945 2.4063 23.945 
10 2 9 27.0592 2.91527 23.9996 
11 2 9 30.0058 2.99957 24 
12 2 9 33 3 24 
0 3 9 -3 6 24 
1 3 9 -0.0453455 6.00003 24 
2 3 9 2.47905 6.05782 23.9503 
3 3 9 6.29178 6.29178 23.632 
4 3 9 9.15948 6.4263 23.5554 
5 3 9 12.0011 6.60841 23.6 
6 3 9 15.0113 6.84769 23.6131 
7 3 9 18.0099 6.78911 23.6711 
8 3 9 20.8617 6.4361 23.5899 
9 3 9 23.6189 6.18342 23.6189 
10 3 9 27.301 6.0389 23.9487 
11 3 9 30.0321 5.99944 24 
12 3 9 33 6 24 
0 4 9 -3 9 24 
1 4 9 -0.0892903 9.00005 23.9997 
2 4 9 1.91621 9.025 23.8773 
3 4 9 6.4263 9.15948 23.5554 
4 4 9 9.28891 9.28891 23.5286 
5 4 9 11.9937 9.31018 22.9274 
6 4 9 15.1815 9.24928 22.659 
7 4 9 18.2233 9.31503 22.9938 
8 4 9 20.8675 9.2732 23.5845 
9 4 9 23.6523 9.14834 23.6523 
10 4 9 27.6207 9.02402 23.9036 
11 4 9 30.0547 8.99995 24 
12 4 9 33 9 24 
0 5 9 -3 12 24 
1 5 9 -0.107991 12 23.9998 
2 5 9 1.72555 12 23.8972 
3 5 9 6.60841 12.0011 23.6 
4 5 9 9.31018 11.9937 22.9274 
5 5 9 11.7116 11.7116 21.545 
6 5 9 15.6831 11.3283 21.5895 
7 5 9 19.2205 11.8139 22.5254 
8 5 9 21.1234 12.0085 22.9675 
9 5 9 23.6919 12.0012 23.6919 
10 5 9 27.8333 12 23.9124 
11 5 9 30.0729 12 24.0007 
12 5 9 33 12 24 
0 6 9 -3 15 24 
1 6 9 -0.103758 15 23.9998 
2 6 9 1.87825 15 23.9116 
3 6 9 6.84769 15.0113 23.6131 
4 6 9 9.24928 15.1815 22.659 
5 6 9 11.3283 15.6831 21.5895 
6 6 9 15.8973 15.8973 22.0593 
7 6 9 20.0302 15.5576 23.0255 
8 6 9 21.3557 15.1801 22.6763 
9 6 9 23.6023 15.0112 23.6023 
10 6 9 27.9505 15 23.9013 
11 6 9 30.0873 15 24.0012 
12 6 9 33 15 24 
0 7 9 -3 18 24 
1 7 9 -0.0943024 18 23.9998 
2 7 9 1.98776 18 23.9058 
3 7 9 6.78911 18.0099 23.6711 
4 7 9 9.31503 18.2233 22.9938 
5 7 9 11.8139 19.2205 22.5254 
6 7 9 15.5576 20.0302 23.0255 
7 7 9 18.948 18.948 22.6054 
8 7 9 21.1015 18.2089 22.9389 
9 7 9 23.7002 18.0098 23.7002 
10 7 9 27.8355 18 23.9194 
11 7 9 30.0728 18 24.0007 
12 7 9 33 18 24 
0 8 9 -3 21 24 
1 8 9 -0.0819075 21 23.9998 
2 8 9 2.02344 20.977 23.8789 
3 8 9 6.4361 20.8617 23.5899 
4 8 9 9.2732 20.8675 23.5845 
5 8 9 12.0085 21.1234 22.9675 
6 8 9 15.1801 21.3557 22.6763 
7 8 9 18.2089 21.1015 22.9389 
8 8 9 20.865 20.865 23.5498 
9 8 9 23.6415 20.8629 23.6415 
10 8 9 27.6146 20.978 23.903 
11 8 9 30.0546 21 24 
12 8 9 33 21 24 
0 9 9 -3 24 24 
1 9 9 -0.0475143 24 24 
2 9 9 2.4063 23.945 23.945 
3 9 9 6.18342 23.6189 23.6189 
4 9 9 9.14834 23.6523 23.6523 
5 9 9 12.0012 23.6919 23.6919 
6 9 9 15.0112 23.6023 23.6023 
7 9 9 18.0098 23.7002 23.7002 
8 9 9 20.8629 23.6415 23.6415 
9 9 9 23.6168 23.6168 23.6168 
10 9 9 27.2921 23.9483 23.9483 
11 9 9 30.0316 24 24 
12 9 9 33 24 24 
0 10 9 -3 27 24 
1 10 9 -0.00713599 27.0002 24 
2 10 9 2.91527 27.0592 23.9996 
3 10 9 6.0389 27.301 23.9487 
4 10 9 9.02402 27.6207 23.9036 
5 10 9 12 27.8333 23.9124 
6 10 9 15 27.9505 23.9013 
7 10 9 18 27.8355 23.9194 
8 10 9 20.978 27.6146 23.903 
9 10 9 23.9483 27.2921 23.9483 
10 10 9 27.0578 27.0578 23.9999 
11 10 9 30.0056 27.0002 24 
12 10 9 33 27 24 
0 11 9 -3 30 24 
1 11 9 -1.4927e-05 30 24 
2 11 9 2.99957 30.0058 24 
3 11 9 5.99944 30.0321 24 
4 11 9 8.99995 30.0547 24 
5 11 9 12 30.0729 24.0007 
6 11 9 15 30.0873 24.0012 
7 11 9 18 30.0728 24.0007 
8 11 9 21 30.0546 24 
9 11 9 24 30.0316 24 
10 11 9 27.0002 30.0056 24 
11 11 9 30 30 24 
12 11 9 33 30 24 
0 12 9 -3 33 24 
1 12 9 0 33 24 
2 12 9 3 33 24 
3 12 9 6 33 24 
4 12 9 9 33 24 
5 12 9 12 33 24 
6 12 9 15 33 24 
7 12 9 18 33 24 
8 12 9 21 33 24 
9 12 9 24 33 24 
10 12 9 27 33 24 
11 12 9 30 33 24 
12 12 9 33 33 24 
0 0 10 -3 -3 27 
1 0 10 0 -3 27 
2 0 10 3 -3 27 
3 0 10 6 -3 27 
4 0 10 9 -3 27 
5 0 10 12 -3 27 
6 0 10 15 -3 27 
7 0 10 18 -3 27 
8 0 10 21 -3 27 
9 0 10 24 -3 27 
10 0 10 27 -3 27 
11 0 10 30 -3 27 
12 0 10 33 -3 27 
0 1 10 -3 0 27 
1 1 10 -2.25116e-06 -2.25116e-06 27 
2 1 10 2.99998 -0.000962546 27 
3 1 10 6.00002 -0.00677886 27.0002 
4 1 10 9.00001 -0.0130953 27.0001 
5 1 10 12 -0.0159437 27.0002 
6 1 10 15 -0.0159657 27.0003 
7 1 10 18 -0.014855 27.0002 
8 1 10 21 -0.0126427 27.0001 
9 1 10 24 -0.00713599 27.0002 
10 1 10 27.0001 -0.00106187 27.0001 
11 1 10 30 -2.25398e-06 27 
12 1 10 33 0 27 
0 2 10 -3 3 27 
1 2 10 -0.000962546 2.99998 27 
2 2 10 2.99143 2.99143 27.0174 
3 2 10 6.01256 2.92732 27.0599 
4 2 10 9.00436 2.83158 27.0625 
5 2 10 12 2.76194 27.1196 
6 2 10 15 2.74737 27.1539 
7 2 10 18 2.78126 27.1231 
8 2 10 20.9967 2.83197 27.0625 
9 2 10 23.9996 2.91527 27.0592 
10 2 10 27.0177 2.98929 27.0177 
11 2 10 30.0013 2.99996 27.0001 
12 2 10 33 3 27 
0 3 10 -3 6 27 
1 3 10 -0.00677886 6.00002 27.0002 
2 3 10 2.92732 6.01256 27.0599 
3 3 10 6.0569 6.0569 27.3124 
4 3 10 9.02588 6.03829 27.5838 
5 3 10 12 5.96221 27.7743 
6 3 10 15 5.92572 27.9128 
7 3 10 18 5.97265 27.7913 
8 3 10 20.9778 6.02308 27.5826 
9 3 10 23.9487 6.0389 27.301 
10 3 10 27.0593 6.01063 27.0593 
11 3 10 30.0057 5.99997 27.0002 
12 3 10 33 6 27 
0 4 10 -3 9 27 
1 4 10 -0.0130953 9.00001 27.0001 
2 4 10 2.83158 9.00436 27.0625 
3 4 10 6.03829 9.02588 27.5838 
4 4 10 9.0389 9.0389 28.1585 
5 4 10 11.9991 9.0326 28.3636 
6 4 10 15.0022 9.02521 28.4542 
7 4 10 18.0018 9.03239 28.299 
8 4 10 20.9643 9.0355 28.1147 
9 4 10 23.9036 9.02402 27.6207 
10 4 10 27.0785 9.00432 27.0785 
11 4 10 30.0083 9 27.0004 
12 4 10 33 9 27 
0 5 10 -3 12 27 
1 5 10 -0.0159437 12 27.0002 
2 5 10 2.76194 12 27.1196 
3 5 10 5.96221 12 27.7743 
4 5 10 9.0326 11.9991 28.3636 
5 5 10 11.9895 11.9895 29.2279 
6 5 10 15.0182 11.9836 29.0793 
7 5 10 18.0218 11.9955 28.4559 
8 5 10 20.9553 12 28.2604 
9 5 10 23.9124 12 27.8333 
10 5 10 27.1494 12 27.1494 
11 5 10 30.0131 12 27.0013 
12 5 10 33 12 27 
0 6 10 -3 15 27 
1 6 10 -0.0159657 15 27.0003 
2 6 10 2.74737 15 27.1539 
3 6 10 5.92572 15 27.9128 
4 6 10 9.02521 15.0022 28.4542 
5 6 10 11.9836 15.0182 29.0793 
6 6 10 15.0267 15.0267 28.5533 
7 6 10 18.0416 15.0156 28.1519 
8 6 10 20.9495 15.0017 28.3668 
9 6 10 23.9013 15 27.9505 
10 6 10 27.1842 15 27.1842 
11 6 10 30.0159 15 27.0019 
12 6 10 33 15 27 
0 7 10 -3 18 27 
1 7 10 -0.014855 18 27.0002 
2 7 10 2.78126 18 27.1231 
3 7 10 5.97265 18 27.7913 
4 7 10 9.03239 18.0018 28.299 
5 7 10 11.9955 18.0218 28.4559 
6 7 10 15.0156 18.0416 28.1519 
7 7 10 18.0171 18.0171 28.3624 
8 7 10 20.956 18.0011 28.2367 
9 7 10 23.9194 18 27.8355 
10 7 10 27.1524 18 27.1524 
11 7 10 30.0131 18 27.0013 
12 7 10 33 18 27 
0 8 10 -3 21 27 
1 8 10 -0.0126427 21 27.0001 
2 8 10 2.83197 20.9967 27.0625 
3 8 10 6.02308 20.9778 27.5826 
4 8 10 9.0355 20.9643 28.1147 
5 8 10 12 20.9553 28.2604 
6 8 10 15.0017 20.9495 28.3668 
7 8 10 18.0011 20.956 28.2367 
8 8 10 20.9642 20.9642 28.0827 
9 8 10 23.903 20.978 27.6146 
10 8 10 27.0781 20.9968 27.0781 
11 8 10 30.0083 21 27.0004 
12 8 10 33 21 27 
0 9 10 -3 24 27 
1 9 10 -0.00713599 24 27.0002 
2 9 10 2.91527 23.9996 27.0592 
3 9 10 6.0389 23.9487 27.301 
4 9 10 9.02402 23.9036 27.6207 
5 9 10 12 23.9124 27.8333 
6 9 10 15 23.9013 27.9505 
7 9 10 18 23.9194 27.8355 
8 9 10 20.978 23.903 27.6146 
9 9 10 23.9483 23.9483 27.2921 
10 9 10 27.0578 23.9999 27.0578 
11 9 10 30.0056 24 27.0002 
12 9 10 33 24 27 
0 10 10 -3 27 27 
1 10 10 -0.00106187 27.0001 27.0001 
2 10 10 2.98929 27.0177 27.0177 
3 10 10 6.01063 27.0593 27.0593 
4 10 10 9.00432 27.0785 27.0785 
5 10 10 12 27.1494 27.1494 
6 10 10 15 27.1842 27.1842 
7 10 10 18 27.1524 27.1524 
8 10 10 20.9968 27.0781 27.0781 
9 10 10 23.9999 27.0578 27.0578 
10 10 10 27.0174 27.0174 27.0174 
11 10 10 30.0012 27.0001 27.0001 
12 10 10 33 27 27 
0 11 10 -3 30 27 
1 11 10 -2.25398e-06 30 27 
2 11 10 2.99996 30.0013 27.0001 
3 11 10 5.99997 30.0057 27.0002 
4 11 10 9 30.0083 27.0004 
5 11 10 12 30.0131 27.0013 
6 11 10 15 30.0159 27.0019 
7 11 10 18 30.0131 27.0013 
8 11 10 21 30.0083 27.0004 
9 11 10 24 30.0056 27.0002 
10 11 10 27.0001 30.0012 27.0001 
11 11 10 30 30 27 
12 11 10 33 30 27 
0 12 10 -3 33 27 
1 12 10 0 33 27 
2 12 10 3 33 27 
3 12 10 6 33 27 
4 12 10 9 33 27 
5 12 10 12 33 27 
6 12 10 15 33 27 
7 12 10 18 33 27 
8 12 10 21 33 27 
9 12 10 24 33 27 
10 12 10 27 33 27 
11 12 10 30 33 27 
12 12 10 33 33 27 
0 0 11 -3 -3 30 
1 0 11 0 -3 30 
2 0 11 3 -3 30 
3 0 11 6 -3 30 
4 0 11 9 -3 30 
5 0 11 12 -3 30 
6 0 11 15 -3 30 
7 0 11 18 -3 30 
8 0 11 21 -3 30 
9 0 11 24 -3 30 
10 0 11 27 -3 30 
11 0 11 30 -3 30 
12 0 11 33 -3 30 
0 1 11 -3 0 30 
1 1 11 -4.43585e-09 -4.43585e-09 30 
2 1 11 3 -1.99703e-06 30 
3 1 11 6 -1.39905e-05 30 
4 1 11 9 -2.84334e-05 30 
5 1 11 12 -4.00362e-05 30 
6 1 11 15 -4.44418e-05 30 
7 1 11 18 -3.85627e-05 30 
8 1 11 21 -2.79768e-05 30 
9 1 11 24 -1.4927e-05 30 
10 1 11 27 -2.25398e-06 30 
11 1 11 30 -4.84249e-09 30 
12 1 11 33 0 30 
0 2 11 -3 3 30 
1 2 11 -1.99703e-06 3 30 
2 2 11 2.99997 2.99997 30.0012 
3 2 11 5.99999 2.99963 30.0057 
4 2 11 9 2.99835 30.0079 
5 2 11 12 2.9959 30.0114 
6 2 11 15 2.99445 30.0135 
7 2 11 18 2.99591 30.0114 
8 2 11 21 2.99833 30.0078 
9 2 11 24 2.99957 30.0058 
10 2 11 27.0001 2.99996 30.0013 
11 2 11 30 3 30 
12 2 11 33 3 30 
0 3 11 -3 6 30 
1 3 11 -1.39905e-05 6 30 
2 3 11 2.99963 5.99999 30.0057 
3 3 11 5.99955 5.99955 30.0326 
4 3 11 8.99997 5.99681 30.0547 
5 3 11 12 5.99096 30.0708 
6 3 11 15 5.98739 30.0837 
7 3 11 18 5.99094 30.0701 
8 3 11 21 5.99672 30.0537 
9 3 11 24 5.99944 30.0321 
10 3 11 27.0002 5.99997 30.0057 
11 3 11 30 6 30 
12 3 11 33 6 30 
0 4 11 -3 9 30 
1 4 11 -2.84334e-05 9 30 
2 4 11 2.99835 9 30.0079 
3 4 11 5.99681 8.99997 30.0547 
4 4 11 8.99958 8.99958 30.1039 
5 4 11 12 8.99871 30.1472 
6 4 11 15 8.99818 30.1681 
7 4 11 18 8.99871 30.1425 
8 4 11 20.9999 8.99957 30.0997 
9 4 11 24 8.99995 30.0547 
10 4 11 27.0004 9 30.0083 
11 4 11 30 9 30 
12 4 11 33 9 30 
0 5 11 -3 12 30 
1 5 11 -4.00362e-05 12 30 
2 5 11 2.9959 12 30.0114 
3 5 11 5.99096 12 30.0708 
4 5 11 8.99871 12 30.1472 
5 5 11 12 12 30.1993 
6 5 11 15 12 30.1913 
7 5 11 18 12 30.1632 
8 5 11 20.9999 12 30.1415 
9 5 11 24.0007 12 30.0729 
10 5 11 27.0013 12 30.0131 
11 5 11 30.0001 12 30.0001 
12 5 11 33 12 30 
0 6 11 -3 15 30 
1 6 11 -4.44418e-05 15 30 
2 6 11 2.99445 15 30.0135 
3 6 11 5.98739 15 30.0837 
4 6 11 8.99818 15 30.1681 
5 6 11 12 15 30.1913 
6 6 11 15 15 30.1829 
7 6 11 18 15 30.1453 
8 6 11 20.9999 15 30.1643 
9 6 11 24.0012 15 30.0873 
10 6 11 27.0019 15 30.0159 
11 6 11 30.0001 15 30.0001 
12 6 11 33 15 30 
0 7 11 -3 18 30 
1 7 11 -3.85627e-05 18 30 
2 7 11 2.99591 18 30.0114 
3 7 11 5.99094 18 30.0701 
4 7 11 8.99871 18 30.1425 
5 7 11 12 18 30.1632 
6 7 11 15 18 30.1453 
7 7 11 18 18 30.1567 
8 7 11 20.9999 18 30.1406 
9 7 11 24.0007 18 30.0728 
10 7 11 27.0013 18 30.0131 
11 7 11 30.0001 18 30.0001 
12 7 11 33 18 30 
0 8 11 -3 21 30 
1 8 11 -2.79768e-05 21 30 
2 8 11 2.99833 21 30.0078 
3 8 11 5.99672 21 30.0537 
4 8 11 8.99957 20.9999 30.0997 
5 8 11 12 20.9999 30.1415 
6 8 11 15 20.9999 30.1643 
7 8 11 18 20.9999 30.1406 
8 8 11 20.9999 20.9999 30.0987 
9 8 11 24 21 30.0546 
10 8 11 27.0004 21 30.0083 
11 8 11 30 21 30 
12 8 11 33 21 30 
0 9 11 -3 24 30 
1 9 11 -1.4927e-05 24 30 
2 9 11 2.99957 24 30.0058 
3 9 11 5.99944 24 30.0321 
4 9 11 8.99995 24 30.0547 
5 9 11 12 24.0007 30.0729 
6 9 11 15 24.0012 30.0873 
7 9 11 18 24.0007 30.0728 
8 9 11 21 24 30.0546 
9 9 11 24 24 30.0316 
10 9 11 27.0002 24 30.0056 
11 9 11 30 24 30 
12 9 11 33 24 30 
0 10 11 -3 27 30 
1 10 11 -2.25398e-06 27 30 
2 10 11 2.99996 27.0001 30.0013 
3 10 11 5.99997 27.0002 30.0057 
4 10 11 9 27.0004 30.0083 
5 10 11 12 27.0013 30.0131 
6 10 11 15 27.0019 30.0159 
7 10 11 18 27.0013 30.0131 
8 10 11 21 27.0004 30.0083 
9 10 11 24 27.0002 30.0056 
10 10 11 27.0001 27.0001 30.0012 
11 10 11 30 27 30 
12 10 11 33 27 30 
0 11 11 -3 30 30 
1 11 11 -4.84249e-09 30 30 
2 11 11 3 30 30 
3 11 11 6 30 30 
4 11 11 9 30 30 
5 11 11 12 30.0001 30.0001 
6 11 11 15 30.0001 30.0001 
7 11 11 18 30.0001 30.0001 
8 11 11 21 30 30 
9 11 11 24 30 30 
10 11 11 27 30 30 
11 11 11 30 30 30 
12 11 11 33 30 30 
0 12 11 -3 33 30 
1 12 11 0 33 30 
2 12 11 3 33 30 
3 12 11 6 33 30 
4 12 11 9 33 30 
5 12 11 12 33 30 
6 12 11 15 33 30 
7 12 11 18 33 30 
8 12 11 21 33 30 
9 12 11 24 33 30 
10 12 11 27 33 30 
11 12 11 30 33 30 
12 12 11 33 33 30 
0 0 12 -3 -3 33 
1 0 12 0 -3 33 
2 0 12 3 -3 33 
3 0 12 6 -3 33 
4 0 12 9 -3 33 
5 0 12 12 -3 33 
6 0 12 15 -3 33 
7 0 12 18 -3 33 
8 0 12 21 -3 33 
9 0 12 24 -3 33 
10 0 12 27 -3 33 
11 0 12 30 -3 33 
12 0 12 33 -3 33 
0 1 12 -3 0 33 
1 1 12 0 0 33 
2 1 12 3 0 33 
3 1 12 6 0 33 
4 1 12 9 0 33 
5 1 12 12 0 33 
6 1 12 15 0 33 
7 1 12 18 0 33 
8 1 12 21 0 33 
9 1 12 24 0 33 
10 1 12 27 0 33 
11 1 12 30 0 33 
12 1 12 33 0 33 
0 2 12 -3 3 33 
1 2 12 0 3 33 
2 2 12 3 3 33 
3 2 12 6 3 33 
4 2 12 9 3 33 
5 2 12 12 3 33 
6 2 12 15 3 33 
7 2 12 18 3 33 
8 2 12 21 3 33 
9 2 12 24 3 33 
10 2 12 27 3 33 
11 2 12 30 3 33 
12 2 12 33 3 33 
0 3 12 -3 6 33 
1 3 12 0 6 33 
2 3 12 3 6 33 
3 3 12 6 6 33 
4 3 12 9 6 33 
5 3 12 12 6 33 
6 3 12 15 6 33 
7 3 12 18 6 33 
8 3 12 21 6 33 
9 3 12 24 6 33 
10 3 12 27 6 33 
11 3 12 30 6 33 
12 3 12 33 6 33 
0 4 12 -3 9 33 
1 4 12 0 9 33 
2 4 12 3 9 33 
3 4 12 6 9 33 
4 4 12 9 9 33 
5 4 12 12 9 33 
6 4 12 15 9 33 
7 4 12 18 9 33 
8 4 12 21 9 33 
9 4 12 24 9 33 
10 4 12 27 9 33 
11 4 12 30 9 33 
12 4 12 33 9 33 
0 5 12 -3 12 33 
1 5 12 0 12 33 
2 5 12 3 12 33 
3 5 12 6 12 33 
4 5 12 9 12 33 
5 5 12 12 12 33 
6 5 12 15 12 33 
7 5 12 18 12 33 
8 5 12 21 12 33 
9 5 12 24 12 33 
10 5 12 27 12 33 
11 5 12 30 12 33 
12 5 12 33 12 33 
0 6 12 -3 15 33 
1 6 12 0 15 33 
2 6 12 3 15 33 
3 6 12 6 15 33 
4 6 12 9 15 33 
5 6 12 12 15 33 
6 6 12 15 15 33 
7 6 12 18 15 33 
8 6 12 21 15 33 
9 6 12 24 15 33 
10 6 12 27 15 33 
11 6 12 30 15 33 
12 6 12 33 15 33 
0 7 12 -3 18 33 
1 7 12 0 18 33 
2 7 12 3 18 33 
3 7 12 6 18 33 
4 7 12 9 18 33 
5 7 12 12 18 33 
6 7 12 15 18 33 
7 7 12 18 18 33 
8 7 12 21 18 33 
9 7 12 24 18 33 
10 7 12 27 18 33 
11 7 12 30 18 33 
12 7 12 33 18 33 
0 8 12 -3 21 33 
1 8 12 0 21 33 
2 8 12 3 21 33 
3 8 12 6 21 33 
4 8 12 9 21 33 
5 8 12 12 21 33 
6 8 12 15 21 33 
7 8 12 18 21 33 
8 8 12 21 21 33 
9 8 12 24 21 33 
10 8 12 27 21 33 
11 8 12 30 21 33 
12 8 12 33 21 33 
0 9 12 -3 24 33 
1 9 12 0 24 33 
2 9 12 3 24 33 
3 9 12 6 24 33 
4 9 12 9 24 33 
5 9 12 12 24 33 
6 9 12 15 24 33 
7 9 12 18 24 33 
8 9 12 21 24 33 
9 9 12 24 24 33 
10 9 12 27 24 33 
11 9 12 30 24 33 
12 9 12 33 24 33 
0 10 12 -3 27 33 
1 10 12 0 27 33 
2 10 12 3 27 33 
3 10 12 6 27 33 
4 10 12 9 27 33 
5 10 12 12 27 33 
6 10 12 15 27 33 
7 10 12 18 27 33 
8 10 12 21 27 33 
9 10 12 24 27 33 
10 10 12 27 27 33 
11 10 12 30 27 33 
12 10 12 33 27 33 
0 11 12 -3 30 33 
1 11 12 0 30 33 
2 11 12 3 30 33 
3 11 12 6 30 33 
4 11 12 9 30 33 
5 11 12 12 30 33 
6 11 12 15 30 33 
7 11 12 18 30 33 
8 11 12 21 30 33 
9 11 12 24 30 33 
10 11 12 27 30 33 
11 11 12 30 30 33 
12 11 12 33 30 33 
0 12 12 -3 33 33 
1 12 12 0 33 33 
2 12 12 3 33 33 
3 12 12 6 33 33 
4 12 12 9 33 33 
5 12 12 12 33 33 
6 12 12 15 33 33 
7 12 12 18 33 33 
8 12 12 21 33 33 
9 12 12 24 33 33 
10 12 12 27 33 33 
11 12 12 30 33 33 
12 12 12 33 33 33 
